pi_numb <- 3.14
